6.460661641158176280e+03 -2.252914398998552624e-18 1.907986300000000156e-18
6.461841711779333309e+03 3.052020748820200638e-19 1.907986300000000156e-18
6.463026782500302943e+03 1.185559369464401701e-18 1.907986300000000156e-18
6.464216853719944993e+03 -1.087380005746450934e-18 1.907986300000000156e-18
6.465396924341102022e+03 -6.473310318658851765e-19 1.907986300000000156e-18
6.466586995560743162e+03 -7.823087404100961116e-19 1.907986300000000156e-18
6.467772066281712796e+03 -1.529184779161041900e-18 1.907986300000000156e-18
6.468957137401541331e+03 -1.569049750737104108e-19 1.907986300000000156e-18
6.470142208122511875e+03 -1.040763513824651764e-18 1.907986300000000156e-18
6.471327279242339500e+03 4.906804569293111351e-19 1.907986300000000156e-18
6.472512349963310044e+03 2.741205251511703859e-18 1.907986300000000156e-18
6.473702421182951184e+03 -7.584491236991520360e-19 1.907986300000000156e-18
6.474882491804108213e+03 -1.535005149818616329e-18 1.907986300000000156e-18
6.476072563023750263e+03 -9.473119169610759212e-20 1.907986300000000156e-18
6.476919292979926468e+03 -5.897237529703952539e-19 1.907986300000000156e-18
6.477847645522600033e+03 -1.082771220965454290e-18 1.907986300000000156e-18
6.479037716742241173e+03 -1.860620596176304506e-18 1.907986300000000156e-18
6.480217787363398202e+03 9.368233777042339081e-19 1.907986300000000156e-18
6.481407858583039342e+03 2.128073358267191658e-19 1.907986300000000156e-18
6.482592929304009886e+03 8.810962970757750456e-19 1.907986300000000156e-18
6.483778000423837511e+03 -1.455916398836924837e-18 1.907986300000000156e-18
6.484963071144808055e+03 -4.525657709211793533e-19 1.907986300000000156e-18
6.486148141865776779e+03 -4.948906809672171465e-18 1.907986300000000156e-18
6.487333212985606224e+03 -5.737947005584825021e-18 1.907986300000000156e-18
6.488518283706574948e+03 -7.380322211002458784e-18 1.907986300000000156e-18
6.489708354926216998e+03 -1.112313491954664510e-17 1.907986300000000156e-18
6.490888425547374936e+03 -8.651307612332715678e-18 1.907986300000000156e-18
6.492078496767016077e+03 -6.736971987543595345e-18 1.907986300000000156e-18
6.493263567487985711e+03 -7.465825526294544201e-18 1.907986300000000156e-18
6.494448638607814246e+03 -5.623649055540572313e-18 1.907986300000000156e-18
6.495633709328783880e+03 -4.266198427624854267e-18 1.907986300000000156e-18
6.496823780548425930e+03 1.295201363830957318e-18 1.907986300000000156e-18
6.498003851169582958e+03 4.830886710448616711e-19 1.907986300000000156e-18
6.499193922389224099e+03 3.002760962500679979e-18 1.907986300000000156e-18
6.500378993110193733e+03 9.282665904163774183e-19 1.907986300000000156e-18
6.501564064230022268e+03 -6.597644388296328318e-19 1.907986300000000156e-18
6.502749134950991902e+03 5.512370224193955766e-19 1.907986300000000156e-18
6.503939206170633952e+03 6.130893138752396996e-19 1.907986300000000156e-18
6.505119276791790980e+03 1.129388287755802259e-18 1.907986300000000156e-18
6.506309348011431211e+03 1.855809745878237241e-18 1.907986300000000156e-18
6.508089478074350154e+03 -1.844816649336419949e-19 1.907986300000000156e-18
6.509269548695507183e+03 1.599238975613564738e-18 1.907986300000000156e-18
6.510459619915149233e+03 4.194793373607320163e-20 1.907986300000000156e-18
6.511644690636117957e+03 3.134095228318412776e-18 1.907986300000000156e-18
6.512834761855760007e+03 -2.269986646892413952e-18 1.907986300000000156e-18
6.514014832476917036e+03 -7.880376730118753314e-19 1.907986300000000156e-18
6.515204903696558176e+03 -1.363090381556061178e-18 1.907986300000000156e-18
6.516394974916200226e+03 -1.439105901002135345e-19 1.907986300000000156e-18
6.517575045537356345e+03 -5.060607828863703061e-19 1.907986300000000156e-18
6.518765116756998395e+03 -7.705534914305345951e-19 1.907986300000000156e-18
6.519950187477968029e+03 1.373312136485166027e-18 1.907986300000000156e-18
6.521135258597796565e+03 3.856251107239163629e-18 1.907986300000000156e-18
6.522320329318765289e+03 7.486809018215253918e-19 1.907986300000000156e-18
6.523510400538407339e+03 -1.513540973389327824e-18 1.907986300000000156e-18
6.524695471259377882e+03 1.090265487859752855e-18 1.907986300000000156e-18
6.525880542379205508e+03 2.124677919470309212e-19 1.907986300000000156e-18
6.527065613100176051e+03 8.705092531961075328e-19 1.907986300000000156e-18
6.528255684319816282e+03 4.903949877985226729e-18 1.907986300000000156e-18
6.529440755040786826e+03 2.652113005900953572e-18 1.907986300000000156e-18
6.530625826160615361e+03 4.550086976654949911e-18 1.907986300000000156e-18
6.531810896881584995e+03 2.550213437903974980e-18 1.907986300000000156e-18
6.532700406488688714e+03 2.406854079884951744e-18 1.907986300000000156e-18
6.533590979879107181e+03 2.263520072174769890e-18 1.907986300000000156e-18
6.534776050600075905e+03 1.930546533423771815e-18 1.907986300000000156e-18
6.535966121819717955e+03 4.038300491546278482e-18 1.907986300000000156e-18
6.537151192540686679e+03 -5.094013053804556003e-20 1.907986300000000156e-18
6.538336263660517034e+03 3.143527590215994271e-18 1.907986300000000156e-18
6.539526334880158174e+03 3.306183215005129792e-18 1.907986300000000156e-18
6.540711405601126899e+03 4.518428009587483386e-18 1.907986300000000156e-18
6.541901476820768949e+03 6.209028634376665669e-18 1.907986300000000156e-18
6.543081547441925977e+03 8.478975941590543282e-18 1.907986300000000156e-18
6.544271618661567118e+03 8.256854066379688940e-18 1.907986300000000156e-18
6.545456689382537661e+03 1.382812552762874106e-17 1.907986300000000156e-18
6.546646760602178801e+03 1.090383531908456217e-17 1.907986300000000156e-18
6.547826831223335830e+03 1.563416845963175990e-17 1.907986300000000156e-18
6.549016902442977880e+03 1.400930075108760257e-17 1.907986300000000156e-18
6.550201973163946604e+03 1.758113721233663140e-17 1.907986300000000156e-18
6.551392044383588654e+03 1.951837783712577557e-17 1.907986300000000156e-18
6.552577115503417190e+03 2.171345597454642988e-17 1.907986300000000156e-18
6.553762186224386824e+03 1.866336910246212940e-17 1.907986300000000156e-18
6.554952257444028874e+03 1.606547972725130070e-17 1.907986300000000156e-18
6.556137328164997598e+03 1.513064452183368158e-17 1.907986300000000156e-18
6.557322399284827043e+03 1.758333682592099160e-17 1.907986300000000156e-18
6.559102529347745076e+03 1.755293124844243014e-17 1.907986300000000156e-18
6.560287600068714710e+03 1.776416604302479525e-17 1.907986300000000156e-18
6.561477671288355850e+03 1.744680333448060946e-17 1.907986300000000156e-18
6.562667742507997900e+03 1.681783229260308495e-17 1.907986300000000156e-18
6.563847813129154019e+03 1.831952543315030384e-17 1.907986300000000156e-18
6.565037884348796069e+03 1.780199939127278128e-17 1.907986300000000156e-18
6.566222955069764794e+03 1.576450168585515280e-17 1.907986300000000156e-18
6.567413026289406844e+03 1.982459397731097820e-17 1.907986300000000156e-18
6.568593096910563872e+03 1.737158128452485302e-17 1.907986300000000156e-18
6.569783168130205013e+03 2.083119524264734504e-17 1.907986300000000156e-18
6.570973239349847063e+03 1.951064003410315078e-17 1.907986300000000156e-18
6.572158310070816697e+03 2.085758649535221980e-17 1.907986300000000156e-18
6.573348381290457837e+03 1.957676045347470070e-17 1.907986300000000156e-18
6.574528451911614866e+03 2.011846609402189779e-17 1.907986300000000156e-18
6.575718523131256006e+03 1.576283505214438729e-17 1.907986300000000156e-18
6.576903593852226550e+03 1.698198984672676021e-17 1.907986300000000156e-18
6.578093665071867690e+03 1.234272463818258248e-17 1.907986300000000156e-18
6.579283736291508831e+03 1.146891192963838298e-17 1.907986300000000156e-18
6.580463806912665859e+03 1.136693090351895194e-17 1.907986300000000156e-18
6.581653878132307909e+03 9.874681528308126541e-18 1.907986300000000156e-18
6.582838948853276634e+03 6.234292156223781208e-18 1.907986300000000156e-18
6.584029020072918684e+03 8.192113614346300402e-18 1.907986300000000156e-18
6.585219091292559824e+03 1.689821739135420721e-18 1.907986300000000156e-18
6.586404162013530367e+03 -1.179717996155006094e-19 1.907986300000000156e-18
6.587331497040566319e+03 -7.623518201199645631e-20 1.907986300000000156e-18
6.588184245011050734e+03 -3.627599867811228941e-20 1.907986300000000156e-18
6.589369315732021278e+03 -2.414448704095696010e-18 1.907986300000000156e-18
6.590559386951663328e+03 -1.893753912639878590e-18 1.907986300000000156e-18
6.591749458171303559e+03 -2.153629121184085358e-18 1.907986300000000156e-18
6.592929528792461497e+03 -5.389859806368581490e-19 1.907986300000000156e-18
6.594119600012101728e+03 6.554754774856013452e-19 1.907986300000000156e-18
6.595304670733072271e+03 1.049214438734678974e-18 1.907986300000000156e-18
6.596494741952713412e+03 -6.592410314286656070e-20 1.907986300000000156e-18
6.597684813172354552e+03 -3.972151450203801822e-19 1.907986300000000156e-18
6.598869883893324186e+03 -3.022372017104678405e-18 1.907986300000000156e-18
6.600059955112965326e+03 -8.754413923155326949e-19 1.907986300000000156e-18
6.601240025734122355e+03 -2.205484085101637726e-18 1.907986300000000156e-18
6.602430096953764405e+03 -1.102135960312482434e-18 1.907986300000000156e-18
6.603620168173405546e+03 -1.361791168856679507e-18 1.907986300000000156e-18
6.604805238894376089e+03 -1.190970540940940178e-18 1.907986300000000156e-18
6.605995310114016320e+03 -2.307432416151827310e-18 1.907986300000000156e-18
6.607180380834986863e+03 -1.049585954902765005e-18 1.907986300000000156e-18
6.608960511296763798e+03 7.197501437902604870e-19 1.907986300000000156e-18
6.610145582017733432e+03 -7.238433949607009457e-19 1.907986300000000156e-18
6.611335653237374572e+03 -1.657939436838214804e-18 1.907986300000000156e-18
6.612520723958345116e+03 1.568306191077523041e-18 1.907986300000000156e-18
6.613710795177986256e+03 -1.506651517466689718e-18 1.907986300000000156e-18
6.614900866397627397e+03 -1.742468392677531259e-18 1.907986300000000156e-18
6.616085937118596121e+03 5.237672352381333763e-19 1.907986300000000156e-18
6.617276008338238171e+03 -1.333312973306019589e-18 1.907986300000000156e-18
6.618461079458067616e+03 -2.713924835885341057e-18 1.907986300000000156e-18
6.619646150179036340e+03 2.599766253636612312e-19 1.907986300000000156e-18
6.620836221398678390e+03 5.007930834861772887e-19 1.907986300000000156e-18
6.622021292119648024e+03 1.768677878068534387e-18 1.907986300000000156e-18
6.623211363339289164e+03 -3.930915663808978176e-18 1.907986300000000156e-18
6.624401434558931214e+03 -1.180031705686496102e-18 1.907986300000000156e-18
6.625586505279900848e+03 -2.931064411104103665e-18 1.907986300000000156e-18
6.626776576499541989e+03 -2.260388786314955651e-18 1.907986300000000156e-18
6.627966647719184039e+03 -5.102830661525807772e-18 1.907986300000000156e-18
6.629146718340340158e+03 -3.111644187645272480e-18 1.907986300000000156e-18
6.630336789559982208e+03 -3.031071062856112887e-18 1.907986300000000156e-18
6.631521860280951842e+03 -4.091369601607057903e-18 1.907986300000000156e-18
6.632711931500592982e+03 -8.594139768179382591e-19 1.907986300000000156e-18
6.633902002720235032e+03 -2.321744185362103398e-18 1.907986300000000156e-18
6.635087073441203756e+03 -2.743033557446397813e-18 1.907986300000000156e-18
6.636277144660845806e+03 -2.995120993239213316e-19 1.907986300000000156e-18
6.637467215880486947e+03 -8.163381412014343283e-19 1.907986300000000156e-18
6.638652286601456581e+03 2.016522486714260986e-18 1.907986300000000156e-18
6.639842357821098631e+03 -2.236225221829895029e-18 1.907986300000000156e-18
6.640822564835182675e+03 -1.579068647257603787e-18 1.907986300000000156e-18
6.641622440818619907e+03 -9.262094208924904293e-19 1.907986300000000156e-18
6.642807511539589541e+03 -3.922029596434293513e-19 1.907986300000000156e-18
6.643997582759230681e+03 7.575193318123571994e-19 1.907986300000000156e-18
6.645182653480200315e+03 -1.987517540271915768e-18 1.907986300000000156e-18
6.646372724699842365e+03 2.210816417850560866e-18 1.907986300000000156e-18
6.647562795919484415e+03 -1.603204573602629309e-19 1.907986300000000156e-18
6.648747866640453140e+03 7.929443372220825092e-19 1.907986300000000156e-18
6.649937937860094280e+03 -3.531600379887740722e-19 1.907986300000000156e-18
6.651128009079736330e+03 -3.285357986626522689e-20 1.907986300000000156e-18
6.652313079800705964e+03 -1.616221285283903966e-18 1.907986300000000156e-18
6.653503151020347104e+03 -9.026648271614207292e-19 1.907986300000000156e-18
6.654693222239988245e+03 2.078857976277073894e-19 1.907986300000000156e-18
6.655878292960957879e+03 -2.244027741123232975e-18 1.907986300000000156e-18
6.657663423522548328e+03 -2.161317488395046556e-18 1.907986300000000156e-18
6.658843494143704447e+03 -1.926954347847846333e-18 1.907986300000000156e-18
6.660033565363346497e+03 6.360671102746671454e-19 1.907986300000000156e-18
6.661223636582987638e+03 2.518336901730458772e-18 1.907986300000000156e-18
6.662408707303957272e+03 -7.850830368715478211e-20 1.907986300000000156e-18
6.663598778523599321e+03 2.389184821101999856e-18 1.907986300000000156e-18
6.664788849743239552e+03 1.618025445891122292e-18 1.907986300000000156e-18
6.665973920464209186e+03 4.457955240473505756e-18 1.907986300000000156e-18
6.667163991683851236e+03 2.668987531929317075e-18 1.907986300000000156e-18
6.668354062903493286e+03 2.399407323385168952e-18 1.907986300000000156e-18
6.669539133624462920e+03 3.858927951300869692e-18 1.907986300000000156e-18
6.670729204844104061e+03 -1.943775590576660190e-18 1.907986300000000156e-18
6.671919276063745201e+03 -5.530841324541916869e-19 1.907986300000000156e-18
6.673104346784715744e+03 -2.671068378717863907e-19 1.907986300000000156e-18
6.674294418004355975e+03 1.000628786917336166e-18 1.907986300000000156e-18
6.675484489223998025e+03 5.081169117064879955e-19 1.907986300000000156e-18
6.676669559944966750e+03 1.507089206288850262e-18 1.907986300000000156e-18
6.677859631164608800e+03 3.352100664411335927e-18 1.907986300000000156e-18
6.679049702384250850e+03 3.673347955867175117e-18 1.907986300000000156e-18
6.680239773603891081e+03 2.345508580656300605e-18 1.907986300000000156e-18
6.681424844324861624e+03 4.416268375238690495e-18 1.907986300000000156e-18
6.682614915544503674e+03 2.024190666694507186e-18 1.907986300000000156e-18
6.683804986764143905e+03 4.299242958150295744e-18 1.907986300000000156e-18
6.684990057485113539e+03 1.782411086066025023e-18 1.907986300000000156e-18
6.686180128704754679e+03 6.549708775218089579e-19 1.907986300000000156e-18
6.687370199924396729e+03 1.360519835644322554e-18 1.907986300000000156e-18
6.688555270645366363e+03 3.757621302266812787e-19 1.907986300000000156e-18
6.689745341865007504e+03 -3.505547449841654714e-19 1.907986300000000156e-18
